Liste des IDs déja utilisés pour les runs :
5596
5388
2945
2388
5792
8197
4359
8317
6871
2262
5481
2383
8965
3432
1296
7276
3163
4449
3459
6517
8238
8426
5853
8334
9797
1719
7297
1752
2755
8984
6923
1598
3628
5997
5816
4979
3885
4767
1131
3596
5597
4749
7583
5329
1154
1979
3665
8829
6913
5435
7696
1864
4213
6678
5278
6165
1286
9683
4945
6147
6737
2951
6248
9685
7154
1779
6753
8869
9596
8282
4968
1188
5919
2719
7368
8855
4849
1688
7429
5614
1866
9188
7685
3898
5326
4311
5718
8524
9587
1482
3375
9691
1183
9341
5848
1927
5966
9765
6886
2423
3731
3315
8159
3194
8275
8146
2584
8443
6691
9868
5428
5348
5371
7886
7886
9217
5735
4411
2743
4158
5389
8329
6163
8174
4179
9498
7942
3462
9712
3461
9433
5453
8353
9385
9782
4565
5548
5184
5284
2885
4762
9196
7842
5854
5637
9934
5476
3278
8971
1141
6365
8971
2175
2876
6232
5843
9843
9164
8484
3453
3445
5589
4396
6978
1992
6838
7281
7534
7478
2947
3484
4421
2149
1111
3585
4968
6639
9943
2323
2927
5828
2577
8789
1933
4718
9785
1889
8921
1924
6419
8953
1557
6742
3714
3197
9148
3911
5795
6815
9432
3462
7461
1895
7619
4783
2339
2658
5191
8995
7959
7467
8843
9381
9351
6116
5767
8387
1122
7111
2312
2164
2718
9158
6777
1428
9915
1168
9543
2581
9916
9455
8527
9771
5111
3341
2527
9222
4931
2999
2417
2291
5947
4572
6311
7193
1921
1946
9147
4268
9721
3172
4191
6411
8837
2595
1289
4692
3957
7327
5722
7964
3463
3392
2851
8499
5937
7395
1998
8695
3831
8879
8457
6588
3821
3367
5987
9257
1117
4767
2621
8776
1495
1965
9986
8872
9463
1169
8718
7317
5231
4947
7114
7743
6117
6833
3548
1188
9268
4772
1415
5155
5831
4177
2153
5366
3914
1613
5859
8341
1895
9493
1126
7963
7234
5825
7238
3438
7856
4649
9123
7228
6612
4335
7154
1428
9286
1277
2334
3161
1254
6148
1727
5518
9113
7518
8828
9178
1246
5951
5874
9239
4829
2847
8732
4313
8448
2991
9656
7418
3275
9759
2681
3981
9956
9599
7682
4536
4479
8382
4476
7778
9658
3559
2178
7562
7581
7374
4255
3783
4761
4264
3635
3976
9271
7226
5885
3761
5831
7593
8426
8861
7379
5957
6234
6236
9823
8195
7443
6567
5274
3718
9955
7745
6591
1534
9156
5296
6665
9388
6589
6431
3693
6614
6285
6134
6343
4929
2234
7518
1622
2224
6714
1487
4141
4929
7741
4318
8245
7864
2975
3184
5583
2131
3531
5596
1843
6658
4472
5459
7569
8178
8487
8144
7252
2192
1744
5519
4234
3778
9249
7895
7516
4497
4842
6792
2816
9137
7637
5556
8323
9751
1924
8113
9392
3649
5328
8358
3968
6174
5785
4552
1839
6692
6538
9556
2789
9269
6439
5466
9676
9716
2392
5266
2396
5874
3921
3242
6855
2812
6571
7988
4726
7167
7724
4265
1922
2945
5974
6873
7119
8326
3175
9827
4322
3662
1335
4439
6425
2218
5678
6726
7223
1189
4631
3385
8442
9657
7668
6262
5312
8978
8572
6368
1475
4698
2269
6253
2597
7226
7232
4384
2292
4322
6917
2552
2269
9635
8918
8121
1279
1483
4198
9949
4388
4899
9251
1735
8563
2213
9664
3156
5258
3117
2337
5673
5386
1574
9429
4763
9834
2384
6914
8158
9336
3312
5987
1463
2375
1334
4496
8147
3647
7626
8455
7582
8176
3783
8326
7577
8544
7996
8767
5262
4432
8319
6164
6398
3928
3229
1769
2452
6373
7837
4516
5689
1567
1651
8946
2118
7648
5754
1474
3689
3366
8641
5249
4342
9937
3849
9322
6956
2217
4492
5418
5575
5726
9726
1148
7626
5147
3847
3253
3611
5811
1167
6428
3313
2367
1225
3481
6692
9811
4391
5123
9468
7299
2974
5436
5714
3542
6995
5598
6475
9393
9114
5685
4886
5175
7235
8845
6169
7878
9471
8174
5994
9133
4122
1348
1724
5256
2148
9449
7267
7369
4464
2714
2151
5513
8132
3355
4245
4148
1886
4112
3889
2115
9763
9174
5574
8729
7697
5351
8197
2847
4567
1282
6314
1282
8236
7719
5413
7723
3288
9379
5864
2496
2489
2713
3689
9913
3416
4473
8488
6729
7756
7722
6386
1734
1161
8494
8383
9533
9129
9355
3676
3484
2321
9733
1499
8851
8813
4826
4331
1569
9383
2491
7449
2386
6677
1539
5559
8174
7622
8887
2922
7652
3811
1229
5753
4512
8528
9579
4499
1217
8494
4626
8535
2667
9641
2236
9386
1253
6676
2668
6322
7474
3327
4658
3278
3885
8858
7893
9792
5267
6383
2319
6491
5965
3916
3281
2381
7599
8517
8391
1847
4815
8413
9528
6529
6882
7534
8975
5529
7116
9887
8289
3153
5198
2577
8973
6482
6869
6813
6851
7236
5783
1122
6293
6568
5461
3862
3612
1647
7713
7496
1739
1987
2736
7821
3458
3886
2396
2783
9768
2536
9127
4886
6213
4991
3166
3827
9567
1471
7325
6899
1569
8677
5456
5647
7778
3632
8823
9386
4117
1269
4593
4219
1335
6451
5721
3171
3485
8157
8979
5272
4853
1218
9127
2357
2881
6491
7751
5491
2544
1857
4194
9465
9985
9611
1125
5981
8983
5192
2935
3172
8537
6652
2211
1272
2185
3259
5921
6828
7556
3138
4128
6499
7867
2129
6727
4234
1851
5219
7138
3116
9126
5932
2496
6834
5979
7949
1761
4971
3188
4982
6821
1521
8751
7898
5644
4327
1783
2121
7739
3745
9519
5916
2949
7739
9417
2267
2949
5156
5574
7655
7998
7861
2687
8749
6745
1127
6879
3265
3865
5599
4653
5789
2569
5269
3497
3278
6537
8916
3348
7741
7855
3755
4245
2128
2236
1564
6258
5625
8879
6626
4518
7669
1648
8535
5279
8457
1576
5299
3241
1579
8488
9339
8196
1522
3233
3462
6299
9267
3723
5895
3931
7553
4684
1177
9967
7782
1435
3128
8296
7598
8124
2314
8449
6539
2474
2633
7169
8916
6772
6586
7414
1752
7153
3651
7395
4428
3673
8444
4576
5965
5939
4768
6779
8243
7143
8782
6146
1955
4197
7397
2595
1555
1445
8437
4255
4312
7656
8341
1933
4515
7537
7648
7432
1128
1134
8347
4134
2511
7929
3664
6962
2661
1524
5717
2576
1963
8548
3246
2591
1136
7891
2151
5141
5764
9325
6743
4813
5885
9744
2981
5683
3655
3453
1426
7819
5599
5833
5967
5545
2167
3829
9527
5611
9547
1767
1166
8158
4863
6352
5836
5597
8176
1368
5924
3134
8896
8594
7655
7552
5356
8311
3346
9687
8468
2949
6623
4997
1518
1785
8115
9911
1324
4354
9436
8962
7354
1465
5159
4284
5965
1279
3512
2695
7321
6138
8387
6976
1666
1425
4732
9387
1197
5179
7893
7646
4163
5943
9149
8822
3587
3687
6959
6946
7351
6739
8345
2527
6474
7171
8122
3764
8369
9565
3465
6838
7128
8499
1297
4939
3736
2568
6762
8374
8894
2427
8714
1988
7896
5539
5133
5338
1626
5861
6416
1937
7747
7958
5521
3265
7785
5964
7134
4718
8794
5441
1982
2848
8189
5635
2445
6998
5283
3568
8131
4633
9985
8629
2798
9472
7948
9713
3281
7429
4294
1797
6959
3536
5164
5636
6547
5572
2862
5716
1946
5973
4712
2665
2171
4161
9761
1278
7511
1244
2744
5247
2575
6265
5245
8863
8517
8181
1243
8866
5179
7732
5371
5251
2265
6961
4889
9185
2119
1624
3119
7318
7698
1445
5216
4217
2141
1418
2591
2577
6743
9744
2185
2841
4788
6199
8386
6737
4491
2964
5574
5483
8395
2789
6648
8184
5765
4825
2583
7615
7833
6346
1369
7368
9796
5269
3489
6881
9735
3329
4915
8729
1898
9327
6696
1868
8317
5498
5423
8313
3633
2745
5835
2664
6437
1869
8625
1858
9392
3994
5257
7369
6143
8461
9957
3847
3152
5863
2845
4781
4596
2389
6724
7915
8141
6161
4692
6616
8541
6172
3943
1553
7192
3985
7498
7164
1845
8393
5912
3757
8189
2728
2661
6693
8668
7137
5236
2749
8616
3819
4381
6256
1721
4863
7693
4249
6714
7311
6794
4486
9922
3167
9878
9497
7354
8249
6563
1917
9195
6775
8643
7653
7684
9452
6449
3487
1796
2362
7816
8288
4818
4142
9381
7121
4849
3329
6955
3534
6626
1413
2215
8848
8536
9394
2876
5845
6366
3779
4944
3352
7541
5112
6617
4321
3511
1876
7983
9223
2178
6183
3229
5128
1848
9298
9668
8717
4518
2594
5941
7991
5231
1695
4296
4246
5458
2611
7494
5616
7618
8956
7316
6278
6514
6638
2968
8147
9389
5786
6335
9188
1585
6613
1586
4283
3216
2231
1973
2827
3542
9284
2585
8455
1819
8911
3934
9686
8329
7921
9824
7646
3256
5825
2844
3764
7737
8355
1942
9455
6648
1138
5658
9911
9212
9423
6846
5941
3655
1994
1364
8359
8857
9857
8662
9895
3443
6751
7916
2673
5967
3184
3519
9439
1945
9894
6744
9212
6539
1293
3672
5822
6251
8977
2333
8875
5271
5142
7394
2754
6682
8526
2181
4826
3842
2578
4195
2115
5526
1649
8415
8233
5745
3197
5455
7933
6757
4363
4795
2535
7742
8121
2466
9829
6644
5666
6379
5713
9177
9356
3868
9954
4315
7125
1377
5677
6475
5337
9615
4292
5337
5997
3254
3679
5182
5457
4268
8879
1669
1956
9179
1898
9464
3515
1871
7748
6182
8582
3669
2751
3693
5594
9853
8728
7793
7344
3819
4944
2242
9629
4479
3557
2772
2377
4146
8369
8575
5613
9385
4798
9151
6855
5543
1119
6782
6236
7697
3519
5739
6524
7186
7675
7721
9359
6895
9785
1817
6976
9465
7836
9524
8751
7177
9665
6228
7559
4524
5238
8121
5121
2249
5623
5526
1258
9918
3139
4838
3466
5549
8555
7617
8945
4713
2363
8497
4532
4845
4474
2398
1413
3378
3312
8411
3317
1715
1775
7776
2254
7475
1588
5436
4629
8719
5754
6599
7453
1769
1599
3362
7273
6831
4771
8132
6759
4272
8523
1232
5984
1625
8455
7827
2482
7962
2321
5569
8836
7756
3987
7534
6747
8891
1289
1383
4878
4543
5441
7181
2592
1218
2482
3645
6556
6262
1215
8468
8961
1986
1824
2623
9771
3126
6812
1725
1316
2434
6328
3812
5322
1254
7723
2355
7538
4763
3835
6723
3573
5656
2176
2598
4772
1371
7877
5468
8332
9995
5865
5672
1982
2499
1626
8744
7763
8883
4653
5925
7249
8795
1544
9764
5356
6423
4956
3137
1223
5384
3319
9391
3922
3953
4988
9822
2157
1247
8579
4569
3522
8835
5451
8235
1182
9413
1354
4945
9931
2347
5372
3729
8886
9713
8228
6673
6484
6589
3724
6422
1419
8428
3918
1638
2532
5594
8536
7193
1446
3335
5948
8373
3811
6257
5825
8626
4241
5182
9497
3383
5887
3286
8723
2237
6885
1983
2999
6561
8826
1377
6733
8669
7725
1622
5515
9189
9141
6128
5731
2123
8889
1483
3912
1676
2296
9139
9421
2614
7389
7983
9382
9247
4258
7897
9653
7873
3961
1254
4966
6133
6654
5144
5434
7111
1881
7612
5497
7952
7869
1265
4555
2584
3163
6967
8246
6854
1178
7831
2153
8267
4537
3512
5883
1511
7893
8142
9816
7116
2525
3412
7791
5724
6745
8613
4913
1374
7412
9724
8989
7475
1694
4368
1311
7728
3952
3427
3455
7956
9318
8922
1694
6436
9466
5836
4643
4273
9577
2874
2931
6191
7295
7674
8738
6567
8968
6785
4976
5233
4217
3657
8424
4213
4351
2419
7615
4645
1366
3653
5134
2551
7892
7694
4693
3798
3961
3587
8697
8139
1143
1481
4265
3985
3973
9614
4764
2213
5524
3722
3144
1131
1116
1314
2183
2613
8112
9383
9861
5746
3899
9283
9616
9271
7129
4571
7438
8658
4782
2361
3716
2738
4934
1817
9445
1562
2632
9984
3182
4692
3115
7345
6536
7453
7721
7656
2155
7547
5958
5883
8843
4978
9892
3745
7277
9215
4647
2576
6321
8659
4162
3146
7164
8238
3796
9123
9997
7166
2118
6391
9515
2721
6861
9629
9847
9932
9145
9217
4514
2778
2911
4311
5126
1296
9279
1752
8318
3384
2455
3516
5166
4168
5885
8558
9982
4755
5196
2254
4332
2548
7362
5796
8391
2915
8795
4697
4522
1386
6553
1546
6611
8867
8298
5719
4121
5692
3569
9724
5544
9973
4618
9799
8535
9723
3422
2767
7266
4383
7532
3828
6742
8946
7439
4452
8522
7981
9338
1186
1767
8763
5155
9764
1513
4112
3297
8953
6971
4441
8361
6545
2672
2417
2715
5339
3112
9694
9147
3166
5261
8776
4117
9554
2924
2292
9899
7634
7214
6195
3389
5586
8147
6878
7814
4964
6763
3854
7728
3643
9417
7964
4946
6663
2336
4393
2764
6635
3459
8814
4111
6387
6628
1945
1923
2164
2556
5629
2895
4346
3528
4746
5963
3474
2835
4494
1392
8221
8284
8415
4591
2645
1734
2233
7552
9466
7757
4222
5437
8995
3284
1569
8815
4278
8668
1284
9882
4726
5347
4882
1958
5478
2466
8937
1583
6357
8699
9141
5256
2438
3415
6352
7528
1634
3778
6639
4134
9942
9997
3978
8816
2819
1729
8579
8595
7277
1234
5316
3549
6678
4132
7829
7796
9662
3372
6713
4313
9155
7688
5177
1168
6276
9691
6381
6122
5283
3896
7784
7792
4614
7821
6523
7437
6462
2721
3615
8715
9725
5327
4783
1243
1246
1552
8944
7557
3963
4335
5632
7754
9653
5897
6454
1967
2293
6351
3478
7126
6728
9923
5373
1738
7948
9622
7456
5247
4166
3559
7954
8944
9631
5526
4124
5551
9317
4352
7476
4664
5593
7477
6232
6755
9714
3965
7711
1994
5574
4962
8755
8539
6829
2693
2693
9877
8433
5575
7793
8825
2116
3192
7384
6265
3495
7385
4237
5877
2627
4569
8175
7581
7573
2145
3861
8175
8419
5847
8938
3968
1275
1145
9739
5593
4912
8329
6525
6945
6225
1743
8891
2217
7717
3557
9197
6912
9172
3391
9568
6295
7549
7822
2375
2166
8742
4755
2757
7216
7835
7131
1362
9563
9529
8361
1789
5935
1638
4624
9166
7878
4966
8619
3912
9851
6441
2627
1477
1337
8662
7495
6195
8682
8655
7996
3984
3227
2622
9149
7189
8485
9625
3234
4986
8773
2779
1545
4965
8538
8121
1113
2139
1353
8954
9359
5389
1519
6599
4783
9326
6212
9671
5653
7311
8714
5187
7559
4393
6453
1567
3145
2377
7265
6928
3726
1891
8215
2923
5815
9459
9923
5649
2944
2417
3547
2669
7184
4382
4943
1951
1867
8577
8575
3583
4255
4952
4284
5884
7172
1575
6474
9374
6673
6137
9759
4226
4698
6613
5683
7513
5542
8214
5576
5319
7817
6166
7768
5261
6462
6886
4342
4951
2226
1295
6392
2921
1655
8254
1818
3726
9142
8416
8557
9495
8376
1721
9938
1783
8145
3278
3657
6452
2256
7956
7882
6146
2518
8387
2947
9856
7184
8941
7968
1827
2978
3995
1155
2728
7853
1243
3132
9995
8611
8523
4899
3856
6677
8696
4498
8589
5387
2373
3651
9211
4614
9396
1743
9535
9685
1642
6271
4719
1553
1721
2523
1265
8599
4365
4713
2853
9628
3156
7443
7181
4559
1373
7939
2449
7726
7638
5486
4764
8976
5753
4758
5922
9427
5258
6265
9591
8974
2729
5614
2342
5919
5822
1155
2784
8522
1418
6162
5965
1437
7122
2763
6555
7796
7217
6888
4219
6876
8371
4299
5553
9749
2577
1322
3649
9912
7759
9966
3329
8388
8439
4624
2959
6114
3622
5328
3895
3426
3182
8262
4243
2329
7699
2578
6753
4267
5218
4557
8937
7946
1187
3579
2738
7867
1863
6838
1396
5673
6837
4583
4454
2887
8577
4463
8845
1338
9627
5865
8226
2814
8674
2938
8183
5984
6972
5949
4252
1939
4417
7283
1227
4169
3123
3669
4882
8453
4591
8995
5394
3528
9213
8613
8218
6291
1945
4376
7978
8122
1426
7583
5145
7457
6142
3754
8762
3782
2732
6724
1443
3181
1493
1218
7725
1275
1788
4216
3181
2911
5833
9735
9471
1353
3951
1716
4784
8669
3162
8885
2879
2271
5576
4588
5443
4569
7111
8526
6436
4591
2311
2829
9135
8588
8711
3987
2278
6428
7555
9239
9756
8528
7141
5651
6683
9635
1362
9178
3133
6196
1628
1779
1383
8889
1556
9344
7838
9411
5933
9652
3385
4895
6793
9338
7779
5857
1638
3664
6528
5339
6461
9817
2348
4858
2814
7211
5434
3344
4582
1263
6116
7779
6793
1848
2772
8188
7197
1433
8727
1293
9677
7136
7575
1436
5485
9278
1696
7497
3455
3181
8119
5484
1269
3399
9284
4368
1779
7182
1937
3613
9591
8794
6273
1443
9647
5663
5992
7857
1452
3667
3327
2769
4859
3671
7657
2111
6719
6293
4318
9327
2247
8928
7656
1816
4844
3697
2233
4619
4498
8852
2493
9658
2768
1752
8187
9159
8855
2758
5782
8892
4329
2421
2383
3585
8732
7136
8922
5283
4123
9189
1557
6689
2477
4311
7661
5495
1231
2347
5591
4679
6433
2677
1975
5456
8274
9771
5414
9371
8872
2199
2562
4888
7688
8941
5538
2197
1475
7823
1176
9598
6384
1745
8459
4296
5691
3321
8973
2495
4548
9426
9466
4564
2454
4792
5591
5671
6866
1862
7472
4626
7958
8813
2485
3352
6854
4594
4855
7991
4328
6367
4546
5886
3618
9123
3883
3152
3292
3757
1529
1798
2189
2694
5187
9933
7541
9918
6877
3239
8699
2446
9874
5257
3972
4791
7583
3867
5669
1266
9459
1361
9715
7783
4918
4387
2989
4822
3916
5661
5929
9412
7343
7244
6425
5919
5167
6199
6525
4373
5578
9811
9245
9882
5951
9742
8337
9522
9674
5495
1374
7674
1857
1455
2865
3142
8275
5312
2582
7267
5234
1926
5624
5825
5718
2843
3268
4846
1711
3892
7514
1669
4995
1328
2349
5665
5582
5734
9339
2382
4824
4717
5639
1777
9145
7652
1139
3589
8296
7273
4283
8262
6952
5119
9982
8318
4649
9185
4537
5625
8918
3957
6198
5417
3629
3421
1662
2579
7937
1514
4381
3283
5941
3314
7839
9867
6853
8951
2738
2485
9233
8173
8165
8144
2988
7391
6633
9827
8184
7788
1757
1229
1795
1145
6739
5751
9672
6348
8385
7229
9437
6875
2143
3913
9579
8426
9752
2196
6662
6644
7287
8519
3818
9416
4257
9365
6471
4771
9277
1837
2667
6915
9265
3866
4753
9946
5918
8624
3831
5357
1525
1745
6575
4969
2983
1512
8631
3593
2499
2315
9429
7574
3817
3614
2326
3533
6624
3375
1853
3445
2477
3871
2839
4456
8422
4725
5913
4298
5788
9694
9677
5521
3789
5418
3156
4496
5967
7464
5186
5614
4289
3615
7495
4924
5378
9827
3934
4296
6885
8135
2495
7548
6955
1981
2143
7968
4961
3844
1995
4513
7567
5297
4747
1764
7818
2315
6693
7848
4624
8298
5125
4218
1554
1414
4155
9416
3565
8274
4478
2851
5491
3652
4226
4388
3529
1954
8598
9786
8513
7916
7769
5643
6942
8643
2141
3912
7651
2937
7267
8172
8171
7862
7339
9756
2319
8774
3257
6451
3252
3521
9442
2213
3391
6769
9497
5885
7753
3927
1439
2436
8618
6159
5248
3317
8813
6731
6529
2883
4624
2889
1599
7838
5284
9559
2543
4449
3276
5643
5286
2815
8877
4929
1769
1968
4281
8742
7815
9241
6111
1879
5657
9362
7729
5657
8816
9963
7299
8424
2391
5255
4342
1241
9765
1898
3332
2749
8392
5525
9511
1673
3323
3335
3981
6584
5638
8164
8145
6613
9749
2874
3859
4287
7791
3841
2168
6968
1185
6752
3596
9886
2671
9491
7335
9712
6212
8297
8248
2916
2732
6461
2375
4259
8238
5895
1416
5611
7488
2132
2917
8245
4749
3794
5819
1215
7949
3156
4516
9676
7196
1655
2789
6415
5511
6443
7241
4354
3253
8255
4694
1716
5332
4585
9941
2394
8518
9947
9129
2199
7398
1492
3445
7954
4266
8544
2642
7747
8968
1347
8564
6434
1445
1569
7144
9247
6645
9153
7178
2923
4762
1438
6913
3139
9458
3598
6823
8717
7929
9523
5418
1638
6874
9126
7477
7693
4422
4647
1289
2828
2426
8574
7239
5324
6146
1458
6949
1423
4894
4584
1264
6299
3853
3278
5988
4698
5251
9621
1519
9787
4416
8759
8249
8956
7255
6555
4398
2433
1629
9891
6862
3778
2744
9367
1211
2784
2199
3731
5989
4749
3322
2345
8791
3353
8632
5289
1257
6389
7244
3397
8246
8896
9349
2362
7239
8625
6293
2341
7481
1378
4417
7758
8798
6593
3971
3948
4518
5416
4788
8919
4862
2649
1979
5485
2194
2513
2866
4171
1983
8686
2813
3868
8981
6752
1616
3174
2462
3629
9882
1727
8922
5487
7226
7335
4853
8824
9713
7451
3929
8691
9482
6145
7472
1464
5274
5754
6741
5318
9328
5963
1486
4459
5264
7636
2873
9765
9553
5473
7658
1151
4264
7748
4431
8816
4871
4675
1311
1436
7218
6466
8842
7385
1919
8345
3558
9354
2144
5341
5294
8845
7221
4239
4764
3725
5814
8977
4425
5368
4267
8654
3827
1224
6286
4423
9623
1846
5228
5318
9267
9993
5757
6518
2656
2675
4311
5974
4487
2486
1612
2212
5985
3545
3262
5115
3832
8917
9357
7848
8936
9434
1584
3281
6867
2816
1952
4857
1443
9234
7499
3417
8444
9248
1383
9278
3843
8763
5786
1516
7499
7229
1928
8735
5829
9466
1199
5211
7619
9915
6182
9219
1256
4524
5433
3761
6211
4151
8792
6594
9259
4447
9221
5875
4344
9557
1434
2653
7459
4139
8432
6716
8177
4264
9113
9584
5536
7424
2319
4554
4952
7182
5924
2691
6362
5471
7843
8537
2672
4472
9535
5816
8637
1438
9348
5911
6543
1688
3516
9398
1231
8287
4311
9835
5322
3619
4596
8388
5233
3718
8956
5788
7372
1729
6778
4772
7817
3693
2763
8119
4666
3935
8671
3794
5676
7752
1646
1953
7648
5336
2756
2364
6163
9293
5543
2921
6924
6865
1992
1716
4824
4414
3511
1931
8974
5425
6112
4268
8955
9194
6312
5533
5777
2851
8122
4293
6782
6941
5657
8896
2329
7235
7722
6382
8259
5568
4798
8991
5774
1529
4295
5537
2797
2521
8241
5217
2846
8281
2733
4481
4552
8112
1587
5652
2295
9842
7535
8676
5261
6416
4121
3683
6576
7635
6993
4262
9659
7843
3287
3572
8386
8945
8929
1134
6246
1429
6732
1625
1826
5616
4524
6948
8281
1749
7273
2614
6381
2855
5897
5772
2181
4361
1961
2182
1133
5836
8666
6972
8338
7422
9375
6115
7727
7864
3145
7767
3286
4522
1535
2467
9353
7356
8814
8664
2435
5149
7551
5374
5594
2288
2417
1214
7151
3428
4651
2386
3292
7548
4941
9788
5441
5427
7593
5823
3433
2786
9864
8191
6882
5177
1536
5385
6818
8357
6967
7855
7689
1633
4159
4738
7437
8539
6547
6821
5154
9352
7788
5261
6457
3499
9644
4774
7168
2478
3266
6455
8428
4646
7586
6167
7498
9471
1362
6914
6832
7388
2755
2217
7772
9998
5381
8313
1981
7172
6174
2253
1862
7689
3969
3651
5376
2631
1721
1381
2855
6519
7878
1947
3581
4443
8566
2313
4237
9742
5215
7256
7836
6657
3872
7289
4997
8881
1978
2391
4411
4262
6631
9561
7158
9712
9238
2617
5481
4685
6114
2464
1198
9352
2297
4877
3993
5978
2974
4123
4813
2342
9547
6654
9149
2571
8585
3676
2641
1911
4583
3446
1691
3644
2743
2967
4274
6274
3839
4234
6587
8717
7148
7872
9514
1241
8844
2344
4269
6271
7556
8229
6943
3932
1449
7348
4853
7188
7657
2916
2399
1993
4866
5863
3348
3186
3115
2439
4489
8555
5444
1677
6884
1776
4374
3529
7976
7425
9823
7977
7365
1626
1692
7455
5759
5789
9334
5331
9366
8338
1142
5289
6675
5155
2115
8852
3891
4321
6632
9377
3529
1166
1671
1925
9439
5597
1629
3936
5729
2464
3752
5565
3421
2992
9233
6473
8918
5816
2639
1737
8512
4769
7936
6457
4537
7425
4239
1622
1883
1979
2852
7428
4638
9155
7698
8411
6282
3542
9149
6682
6467
5623
1995
3881
4712
6968
9559
8999
2965
5675
6224
9893
8771
4569
4561
1374
2422
9417
5385
5646
7782
7997
6439
8335
5328
2738
8199
4399
6563
5438
4968
5369
8993
5187
5851
2871
7393
1335
3121
2887
2961
8585
7832
9438
2756
6679
8165
2482
7477
9553
1795
8535
6459
8578
8176
4926
6611
9893
7625
6318
8897
8442
8934
3338
3949
9545
6335
3956
3839
4748
4474
3215
9669
1667
3839
3877
7734
6687
8551
8156
6218
2254
5441
9372
2259
4461
8725
7878
1994
9348
1761
7318
4268
2352
7768
7443
5939
7936
1655
4361
6332
9844
1433
6998
9279
2463
5535
2164
2372
5156
2118
9564
2383
7281
1589
1521
8782
3633
5374
8329
2269
9294
5627
8139
3745
6628
4151
5365
4753
9241
9435
4778
4585
1893
3131
8494
7483
2535
6719
5132
9651
2123
7979
5341
7681
3212
4779
8297
2743
4648
7261
2876
4218
4182
8416
4698
5442
6668
2625
9766
5928
6494
7217
4349
6858
2247
3672
9445
1996
9728
3573
5938
2178
4846
6393
6228
3351
8686
8861
4675
8194
4754
8876
5356
2798
6573
3233
8776
4786
8597
2592
4739
6437
1482
5993
6677
8235
1334
6984
2641
2383
9555
6926
6484
8652
1711
5529
3749
1383
4421
4334
6368
5985
7787
5759
9847
4536
3699
5641
6817
2991
7582
8417
5641
5418
1757
8536
6595
3229
4437
5715
8929
2534
8964
6427
8292
3952
9756
1694
3317
4978
7763
3595
8198
4388
7492
2143
9674
6819
1498
5552
8221
2948
5855
1214
1738
9898
7791
6516
7713
8956
5175
8714
9112
5412
2177
7394
8714
7452
3171
9553
1933
4652
2485
6257
8669
6418
3265
7221
5595
2289
4477
9395
3668
6255
3683
6446
6657
1196
6442
9677
3891
6834
3247
6489
5746
4598
2745
9918
2964
2518
6987
9717
8642
5634
7831
2217
4564
1939
4466
1426
9363
2759
9252
6239
2492
8671
6746
5234
4774
1971
1125
4475
3688
5842
2414
6399
6588
7251
2619
8698
9432
5313
1546
3569
9493
7112
1448
9564
6188
1118
4486
4393
2584
5517
2631
6375
9792
1115
2143
5268
5798
4712
2523
4466
8786
7919
1571
2182
8137
5313
8436
6629
9371
8424
6628
6743
8563
1756
6115
5441
4476
1867
8523
7551
3916
1965
2237
4533
4563
7468
9689
4664
6445
4341
8766
9591
3676
2361
5874
2323
3263
6788
2639
6196
2648
8296
8636
3741
6114
2954
4942
1188
6219
5868
8165
3425
5858
6446
5482
9253
3987
8856
2336
2531
2773
9242
5118
9157
2611
6768
3923
1167
4469
6974
8634
1484
3495
1153
9118
2343
2872
5818
3593
3853
2536
2513
6838
8586
6659
3325
4629
8948
9314
5641
6995
2359
4687
5597
6396
2652
6459
8265
7613
1614
4861
3971
9467
3621
9437
9214
1835
7156
9577
9774
5586
3626
7694
3655
4515
5561
4128
4681
8418
4174
3999
7444
7286
9617
7282
1655
6598
5125
7336
7973
5217
7386
8379
5854
8246
7293
2258
3879
2629
2138
3796
9952
5679
2335
2567
5318
2636
2283
4696
5273
2834
9783
2937
5119
6364
7486
7889
8195
9825
8933
9721
3362
5986
9551
1168
4651
6356
6472
3848
4482
2414
2587
9811
5671
2642
9922
8119
5357
2544
7497
7437
1456
4153
6988
8273
5919
6974
7169
8322
4521
8213
4885
3295
2894
6121
2729
5822
9576
4196
2977
9918
2644
3512
2312
8583
5125
3336
3225
2781
7485
7559
3782
9743
6925
1148
9546
9773
7567
2521
6953
6413
4513
6948
6785
5957
8682
9677
8436
3624
1389
7311
8266
1141
6547
9969
5156
7575
1213
5968
9113
6939
7172
4355
6729
7839
5772
3848
8669
7478
3317
3647
3728
5977
5818
9927
6539
6652
8331
1345
7175
8839
3992
7646
9946
6883
3962
9777
1842
3653
3744
9483
9478
8186
3519
6887
2813
1145
3612
4864
4568
1498
2661
5895
3176
7984
3865
8872
8814
7372
8587
7692
3915
1925
9365
3124
1814
5158
8939
6278
3916
2711
2467
3428
5766
7919
9993
1888
2774
3361
6815
6128
4136
4149
3893
6453
3412
4495
3953
6238
3631
8485
3921
2395
3643
9587
3636
7219
9872
5863
1974
6162
9193
3648
6451
9595
7388
6594
2894
9865
4288
4489
3481
8654
7138
1434
4776
3712
2158
5635
4545
2145
1557
2234
8883
5769
6268
4986
3111
6212
8673
1299
8792
4938
6433
3242
7274
9551
9772
4983
7767
5735
5284
3684
5988
2627
3134
9746
3449
3511
5292
7762
7425
3936
6951
1526
2946
7724
5883
9287
2716
1579
3931
8288
6689
5928
8776
6283
4826
4744
1123
2557
1321
4112
1469
6915
8672
5889
7866
6136
9685
7982
6744
5349
2298
6541
3846
1281
1719
5313
2869
1364
7488
1315
6888
9857
3151
7338
6372
7237
7676
1336
4393
8678
1153
7968
2952
1334
6369
7391
5581
8969
6761
4318
3463
6315
7864
1176
9855
4447
6987
1257
7864
5573
9892
2876
6913
6118
2428
5977
5712
7953
5521
1347
1471
4288
8866
8643
4146
2667
7537
2242
3439
2858
4694
8232
6236
1439
2199
6654
5975
3637
7478
1673
8316
8456
8811
7677
1252
4364
7432
9146
9163
2145
8414
5979
2111
4119
4483
9638
3874
9146
9325
4652
3463
4832
4833
7495
8866
2241
4351
1826
9559
1288
4977
2233
6768
1981
8434
8321
5999
9173
9233
1985
3264
2665
7952
1829
2473
6142
7423
8826
2582
3155
7675
6854
2386
6593
8781
7391
6593
5895
3928
1579
7853
2484
9736
2882
2452
7275
4391
7183
3665
6949
8679
7264
2133
5922
2872
1425
4783
7249
8684
9436
8616
7662
4731
5175
9962
9883
5379
1971
3612
1827
6935
6412
1913
2899
3376
9834
8247
9762
4238
7781
3387
8343
4486
3761
6141
1413
3747
5638
7199
1533
6857
5418
3528
6225
8217
1831
2831
1376
5463
1474
2289
5198
7459
4589
7295
9451
9632
3186
4129
6129
6359
2776
9724
1517
2999
1821
6336
9325
5366
6946
4368
9455
4719
1218
8762
8494
8318
3142
5251
2528
9927
1917
9447
8627
5725
9539
7936
2847
1978
8372
1877
7273
8342
6765
1921
9323
2311
2743
7968
3849
5824
2889
2567
7218
2878
2781
5921
5569
5569
8398
3184
9717
3938
1673
6813
3373
2892
4647
5448
8154
7773
8359
5827
3425
6558
9395
3283
9513
9373
8817
1656
6293
2829
4578
3849
5569
5516
8449
7266
4791
8721
6449
5993
1915
9137
5827
8425
7952
2168
3425
4887
7319
1566
6765
3593
5975
5719
7864
4355
4539
8641
3331
2453
7896
7813
1475
6364
1396
5341
4364
3962
5366
8423
6231
4549
3913
6137
8617
7225
9923
8448
6619
1662
3428
1678
9317
1224
8295
8543
6221
3341
9469
7169
9575
9381
9845
8957
8796
9692
9889
5939
1473
1487
5122
5123
8521
8515
7134
6419
3579
4331
5742
6586
1577
7267
7926
9149
1981
6253
4666
9342
7495
5436
3178
2377
1145
8363
3971
6339
9695
3393
1734
2159
6179
3751
8618
9616
2419
2742
7952
7552
7558
9711
2114
7516
7927
7278
3862
3763
8853
5172
3476
3131
7137
8293
5473
3318
6263
5891
2289
3957
2551
5787
4957
5743
8625
7411
2467
1651
5618
8992
6635
3475
3475
6425
6659
7511
5269
1872
7967
5332
3936
3189
6523
7182
3631
7512
3218
7497
9788
7213
9829
8229
1118
8459
4659
3687
7275
3543
8114
3386
7551
8655
3632
4761
9518
7489
6554
3227
5296
6653
6744
7714
7484
6966
1562
1976
2955
7166
6864
4933
9217
5822
3184
6169
7538
1767
9376
4457
7628
4141
7684
9397
9886
6259
7632
5857
4215
6111
1973
9556
8952
2651
9182
2217
2622
5265
1177
4177
1825
8616
8416
2971
4772
6111
9316
9554
6817
1966
9762
5522
8648
7843
9853
4932
9857
5847
2849
2628
1533
2576
7148
5952
2224
5779
6531
2383
4476
4396
9457
6698
7349
2883
5996
8619
4347
7225
2748
8498
8535
3599
6961
9966
2882
4574
3439
7379
3257
4142
6568
3518
8867
5287
5376
2471
6652
4122
8747
1972
6281
9749
3863
5775
5384
7491
3716
1556
7858
7746
9343
2713
8318
9797
9626
6237
7765
9149
2229
6363
9299
4564
5633
5552
4841
3438
2963
5424
9412
9774
7256
8222
6292
7594
7427
6549
9748
6951
4385
3873
5332
8525
8224
2379
3987
1366
2719
8328
4886
2495
8678
6133
6668
6559
3773
6213
1686
7711
2935
3986
5334
1732
9384
2555
3264
8157
2564
9758
4933
1412
1722
3647
1814
1185
3358
9411
1133
4289
1881
1613
6719
7835
4756
7438
4162
5416
4675
3463
9743
4747
4335
4278
4475
4236
9396
1658
9684
5253
9596
3889
5413
7235
9362
2366
7618
7321
7544
3958
4813
9713
8129
8393
8739
2586
4539
8415
2285
5179
2271
5731
6877
1149
7135
7299
1677
6683
9652
8725
1479
9881
3884
7916
5986
7244
7882
1696
8354
9669
3645
7879
4789
6478
3156
9999
2624
1734
3155
7165
9913
6983
2622
6573
9171
7345
1131
9384
3777
9315
2851
3253
4513
7862
3347
1865
2487
1817
3152
8256
7792
9491
2827
1162
6546
5333
3227
3992
2699
8497
4524
8734
2417
6128
3648
3823
9691
6753
3544
8622
7742
3695
9753
4219
2771
3995
4985
3684
3886
2294
7235
5619
4995
9915
2253
1614
1652
8387
2397
1198
4352
4973
8783
6694
3169
4592
9393
6445
9347
5714
4642
1963
2231
3724
6257
6851
5943
4322
7629
9858
6199
4336
8791
6225
9976
2617
4664
8869
3396
8645
3635
7315
6263
3525
3335
9184
5684
7265
8281
8882
9469
5141
2876
3747
4997
9845
2969
5569
3269
5474
3264
2671
4741
2829
2581
1898
7837
7344
1871
1839
5299
4426
4227
9496
1452
7585
1685
3839
8519
6997
2336
4958
4945
2242
8144
7442
3665
2854
3783
5142
6748
1624
8452
9489
5744
7562
2332
4267
4457
8722
7268
4254
9773
3294
4491
3482
4589
3219
5719
9395
8682
5269
5772
1366
4886
7175
9479
3991
2696
5997
7961
7347
9317
2321
8117
6461
6826
2982
9369
5498
4367
5192
3814
6187
5679
1938
3813
8873
3993
6182
8582
9672
3891
3889
6791
1262
3688
2858
9415
8619
4372
9285
4686
2158
5374
1611
9576
5145
9497
6917
1737
3134
6779
2341
4652
7988
4237
8262
9677
5556
6248
2944
8492
9247
9919
9618
2947
8247
9299
3168
6766
3934
6255
4157
6956
1959
3234
5953
9524
4669
1688
7652
9212
3243
1767
1353
9845
5254
6415
4413
2251
8133
4283
4991
3768
5538
9674
5962
6481
3668
6247
5816
3619
9168
5387
2255
4419
1678
6512
6596
9839
9616
5542
5135
7272
4599
8393
7619
7581
6317
2413
7194
4116
3124
4153
9317
9866
2891
3924
4243
2657
8471
6644
2779
3145
7712
5264
2393
1983
4727
3685
9658
4625
5741
9854
4646
8769
2671
6212
2817
4299
6769
6892
5985
9893
4974
7641
7267
4612
3566
6527
6724
6232
7328
8212
5167
9174
9347
7355
2747
1861
6818
1134
9882
8121
4159
3472
3284
5623
1322
3478
8684
3545
2926
8248
3218
8668
7431
6985
1611
7126
7753
2217
6153
4345
1496
4353
6956
3188
9818
6451
8676
8344
9797
9435
3552
7433
5987
1774
6181
7946
3173
5373
4111
1679
4148
8624
5121
8232
2626
1727
3543
2722
7613
3462
9878
6433
4419
7273
1847
2777
7919
9769
2911
1273
7172
8896
7291
1132
6152
8524
3298
4233
4863
3441
7835
7727
2213
1719
5619
6885
6743
8891
4438
3732
8675
8899
6643
9163
7668
2677
9311
7577
1531
6244
2273
3861
1734
5751
8938
6373
2937
7344
7414
4683
1779
6534
2293
6157
1885
5654
3338
4649
6293
4137
4998
7126
8656
5422
9835
3991
9443
5711
3267
2214
6223
4829
3226
3531
8534
2379
1744
5654
4598
5428
7221
2242
6772
9151
9796
2839
5917
2795
8383
6667
7745
5695
2872
4527
6239
7744
4769
8164
8681
4475
7694
6928
9876
3147
6263
6169
5567
7969
2814
7246
2198
8419
9574
9463
6964
9253
1299
4497
3795
3972
7334
2123
4918
3272
7965
6159
3258
9744
3641
4112
5197
1429
1865
1182
2699
9957
4389
1779
2194
6952
3854
2259
3365
4776
4571
2131
7612
1244
4536
5475
2457
5854
6474
2653
7766
4515
4774
4638
5493
9683
7573
7895
8548
9287
5278
3654
6244
1615
9461
3462
8571
4444
2484
5369
4522
6684
6861
9687
3955
2891
9144
7956
5566
9772
3828
9961
4125
2932
8976
8251
7378
7426
8856
9171
6182
6693
1956
2497
4596
4272
8795
8424
5122
3657
2538
4938
8274
5781
9823
8762
1124
9381
7459
2667
5971
4398
7723
7327
9743
6823
1751
7971
5894
8873
2882
9871
8122
3797
2757
8588
9238
8291
3471
7265
3423
5339
4119
5216
5524
3155
9924
4554
7449
1683
5916
9753
8512
4269
2322
8441
8344
5676
9249
3479
3724
5722
5225
5818
3959
4654
8386
1238
9929
6573
9614
3138
8324
4564
5758
2785
1335
8433
7749
3446
2775
7476
9457
7648
7754
5547
7928
1916
9929
4968
1148
1295
1251
6325
9146
2252
3253
1582
6454
2185
3655
9485
3765
8898
5653
5739
2314
4542
5698
2373
3335
5127
6972
4673
4889
1483
8944
6813
9329
7264
6481
1571
1673
8942
5712
1846
2784
9174
6489
7845
5854
2556
9912
6686
6219
7692
8847
5544
9957
6493
6226
1734
5572
8285
5648
1933
1291
7272
7925
5214
9238
7864
9611
5933
8412
4988
8633
4721
2936
7439
6834
5869
5339
8564
6718
9631
6952
7191
6618
3987
7498
1395
9648
6516
1349
5592
5837
6545
4365
7537
4846
8897
3184
8114
8818
6681
3438
9546
7834
7825
9938
3552
6629
4183
6628
5441
9479
1771
9625
9667
6825
2329
7324
3376
5996
7965
4246
8983
1646
4974
9118
4635
3529
4713
4891
4645
5565
4627
5171
7256
7356
6181
7256
6811
4817
4973
4669
4547
1751
1485
1122
7912
1192
5447
9755
1494
8644
9743
7281
4421
6385
4634
8587
3143
5824
1492
6991
1665
4231
5667
6563
5761
1895
9239
8568
6779
8885
3218
9413
3996
2161
1736
3212
6112
6181
4363
7353
1295
3488
1921
2596
2338
4391
1542
8357
2577
5182
7942
5197
3847
1875
8683
6376
9937
8816
8858
5457
7495
3512
3753
5273
4685
9523
3545
8492
4371
4162
6148
8254
3949
7742
9333
5721
3258
7983
3872
3846
8199
2937
6562
2955
1292
7463
4832
6391
6534
1572
5162
4256
3795
3123
7349
8427
8382
4272
3872
6481
6416
9177
2673
8967
7281
6496
8178
5927
6322
4655
6374
7929
7461
1283
9816
3841
3751
2387
7365
5279
9812
2561
9261
7711
4656
9811
9714
5612
7921
2875
1514
5418
8452
3866
4619
3691
9955
6889
9527
3342
2951
6734
1744
1139
8788
2292
4292
6729
1348
1332
3441
6996
1433
6716
6574
4251
2172
3394
3828
5837
8227
6222
4962
2857
8319
5247
4529
3668
4793
9888
9615
9115
5924
3582
1114
1731
1284
9197
4932
9134
8827
8512
7492
2693
9471
7368
1228
2654
1159
5299
8479
1281
1833
6241
5483
7287
2469
7743
8791
2975
3644
1713
4967
3373
9612
5798
7643
7674
4751
4375
2297
4644
5721
9825
8719
1922
5164
6493
7491
5966
4515
7832
9538
3273
1395
7252
5392
5592
9813
2827
2339
7649
3474
6649
6513
2343
5417
4361
7782
8461
3917
2821
7524
8363
2164
3559
6849
5668
9631
2891
3236
2194
8121
6259
1132
9977
2297
2463
4975
9437
5187
1497
8271
9912
8239
7188
7427
5489
5398
2595
7461
8462
3289
3646
4244
4621
2948
8425
8657
4668
4791
4938
5568
5396
1798
3574
1769
7463
4631
5492
4147
7596
7618
5386
9853
9195
5299
2752
7741
7392
6234
9887
9739
4595
2538
6388
7386
5293
8496
2831
1557
4681
6157
3259
7335
6161
5169
3277
6438
9531
1348
5863
3134
7264
9772
5379
7862
3589
4349
4147
9489
6774
3671
3784
2868
2625
9741
6363
6219
1277
3249
9498
7375
5733
2345
9336
9754
6912
3244
7453
5179
1149
2153
6772
6318
4123
9835
8558
4878
5717
8297
2183
2572
8891
4351
8227
3622
8222
9394
9194
1627
7737
3934
5127
6112
2263
9498
1981
4496
8393
7384
1152
4926
1449
8813
3891
2996
5434
3712
5247
3324
6485
5162
3627
9715
5322
3527
7748
5149
2937
3751
5281
5588
3163
1331
2637
7857
6224
1598
9313
9713
2194
7556
1665
1374
5392
2751
2821
7742
5446
5484
8696
2442
6312
4355
2686
5823
1354
8393
7968
4756
8847
2893
6752
1776
5484
7853
9436
2786
1142
4252
2163
7758
5827
3178
5779
4611
8486
9537
9184
3914
2332
8681
3584
8872
7717
3877
7753
6115
8575
3341
2584
2876
5891
9539
7332
5422
8283
5643
1351
9135
9973
3715
4424
4227
7233
7746
4633
2492
9627
2138
2593
7185
2843
9991
5266
2336
4285
3243
2361
1866
8444
6687
9414
7256
3499
7828
4344
1164
1587
5628
1772
8726
3521
1639
6898
7753
3325
8621
4618
9757
7831
4665
5428
4631
2326
9822
4439
5291
5198
7172
1334
7757
8845
5171
4853
5989
2321
1291
4947
9196
1454
8868
8798
5988
8732
5672
9245
7291
5353
8396
1489
8315
1879
5279
2689
6374
5944
7485
1985
4361
1486
6467
6795
6394
9567
9142
1122
2747
7466
8896
8431
9258
1971
6656
5896
8279
9478
5271
6781
1228
3439
9468
6698
9787
7665
2837
5983
5893
2746
8649
2714
6439
6422
7128
2687
2826
5341
2272
3724
9838
9373
7544
7737
1261
4859
3817
6836
3917
3576
4746
6326
1827
8342
5923
5314
1723
5629
4426
6711
8246
5882
1272
2987
9248
1895
7677
2131
8892
4793
7971
3397
6264
8122
2463
9683
8781
8148
8677
3996
4337
4473
9599
5772
1124
2766
6379
3712
8315
4594
3524
9918
1216
2185
5462
8841
6441
1168
5612
4281
1952
7133
2428
7653
1781
2278
6857
1516
7111
8773
7847
6847
3221
7619
4467
5173
7953
5968
6649
5233
7642
6285
3538
3518
6971
1694
1251
3748
4221
1255
7795
8633
8662
2736
9773
3796
8941
5659
5193
8279
2569
7862
2538
3241
6529
2529
9685
7776
9633
9674
1596
4815
4244
1273
3599
9592
1152
9647
1532
2125
5851
3811
9345
8193
2859
3763
8851
4946
7636
5113
5159
9581
9442
5167
4325
4266
1336
9683
1438
7959
2613
1954
4391
7863
9438
7622
3316
7774
3368
9759
4144
4938
8956
4261
5416
5118
1489
4696
8867
8923
6541
1151
3579
8435
7556
9118
5356
4622
2285
1316
5275
3941
4337
9312
6695
9749
2779
4666
5513
6443
7142
4114
2943
4748
9826
4927
5311
9219
5517
8345
9248
9989
9823
3812
4279
7985
3449
2523
2359
8767
9933
4632
3378
1741
8877
4876
6386
8544
3717
2763
4391
8577
5132
7535
5614
6763
8878
5472
8495
5841
1847
4444
3514
1166
9711
6778
4938
7739
1298
6442
2334
6916
9983
4236
6541
1284
8217
6118
4498
4534
7772
1517
7314
7513
9792
1159
3252
1697
3555
9471
7438
3911
2449
8552
6913
1641
1784
4194
4442
2349
7122
7441
5914
2749
2177
1741
7485
2161
5572
8367
3527
4753
2759
9321
7876
6492
5169
8338
3558
5898
9212
3321
5891
2749
7983
4574
6237
1873
4116
2922
7734
8944
2467
4379
8876
6144
5439
2615
1318
5443
5591
2969
2345
1421
9371
1897
2323
1481
8886
9336
5198
9825
8381
2826
7743
7621
9765
9146
8672
9739
5732
7728
8111
1115
2684
5128
6647
2311
2517
5136
6264
9441
9322
4862
1451
7525
8216
4271
6318
7892
3626
2863
9756
3287
4762
5846
5126
1969
4661
5559
8298
8665
3721
7691
5156
7176
9268
8762
5713
7982
8445
1124
7646
7438
9182
3125
7752
4145
2983
8533
1163
7895
3141
2233
5143
7479
9338
7862
9541
1331
9213
2486
3497
3184
6496
6762
6448
1717
3444
8634
7751
1493
5783
1231
1448
9244
1337
4489
2172
5218
5955
5515
2797
8981
3592
3858
5187
6236
5337
9585
3423
4951
8736
4935
2315
3565
2892
6745
1741
2494
5598
3255
5417
2157
8295
5824
5126
6121
7987
8171
9528
8875
4538
5598
3797
2763
9394
4841
4238
2375
7988
2991
2844
7644
6968
9549
8978
3383
7546
3699
8438
3832
6791
3386
9969
9468
6857
6238
3514
6314
1899
4712
1514
8113
2122
1289
3693
6618
6958
8152
8519
9356
8434
6395
9214
5926
7587
3544
1113
9869
4849
9993
9425
1563
3458
3513
2742
8832
5537
3827
2531
9288
3498
2244
2226
4172
9154
7749
9668
4154
7663
3722
3641
3915
1919
5914
1858
6328
9137
6187
9758
9543
3254
3273
5346
2125
5113
2441
2957
4465
4692
7842
7125
5443
3224
1973
5425
9424
6468
5852
6633
4661
7775
7735
9382
2756
2453
6362
1752
8333
6323
2981
3266
4458
7961
1928
3919
6866
1292
9434
8559
2293
5668
4261
4619
1136
7977
6136
9641
2751
8548
7764
6146
8835
8815
8439
7993
7733
1113
8633
7639
3117
8714
7576
7473
4457
3757
3511
6666
1294
1699
5196
3354
5663
7556
2392
7264
5328
9518
2583
7514
7482
2357
2293
6265
2219
7458
5736
1288
5453
2224
1543
3835
3418
8317
9345
1367
4655
4966
1855
6838
3356
3716
4335
4929
8911
7648
1632
2426
6156
7849
8258
4811
4134
9354
1678
1544
3348
5995
3317
5634
1559
4494
5153
6159
3962
4531
1475
8647
5336
7154
3285
9336
7129
5241
2589
5132
7163
4668
5153
2479
3738
3868
8753
2894
9116
8732
3299
8326
4648
2671
1984
8477
8732
9329
5539
3272
9198
1221
1399
4895
5598
4748
3711
5429
5866
9792
4511
6837
9483
9789
1186
4875
1348
8152
5258
6834
1668
2123
5916
9489
4247
7111
8289
4524
2578
7761
8516
8914
1774
6678
2254
8358
3463
4846
1519
5213
2262
3576
6774
5281
7811
5573
8211
6116
8827
1277
2849
6183
6779
1832
1646
7531
2416
3296
7414
8247
5864
9278
4333
1298
2662
9991
8246
7151
9249
8715
8847
2831
8853
6623
3317
3731
7232
1911
5546
1831
4921
2247
7419
7247
4963
5869
1254
1514
7162
6931
4872
1443
1318
9162
5824
4671
6342
4666
8921
9728
3466
7268
1949
7866
6994
6373
8681
6538
4477
7928
2924
3765
9233
4281
9747
3348
8574
3975
1967
2131
2986
5228
7684
7526
9929
4662
7477
9271
9211
3678
1974
3396
1578
1747
9357
5218
8518
7276
7965
1115
4959
2639
7437
8182
8732
1944
3625
6993
7884
5932
5177
1448
4181
3577
7635
5763
2335
7731
2945
9343
8468
6966
4497
8879
2961
5626
4198
9378
3967
7886
1656
6258
2899
9826
1246
5976
8624
4295
6743
6837
7649
2456
8529
7271
4332
2671
2715
3497
2121
4513
9783
2777
8641
4234
6922
7512
9786
6791
7899
8413
7394
8786
8149
4344
8797
3364
2466
5516
4684
9185
6293
6133
4988
1379
2137
4669
4572
9818
2584
6992
7278
3119
4489
6313
8888
4753
9144
4994
1365
8196
7342
7199
5498
2595
1445
6113
6141
3155
9357
9735
9892
3295
1195
6675
9145
4326
3375
3652
1349
8935
7671
5594
2153
9861
6816
2751
9647
7744
7427
7217
6676
1975
1152
7582
5936
6875
9748
1534
7451
2796
3616
2214
1798
7686
2314
5832
9187
9488
9274
9911
9319
5618
1699
9681
5549
3882
9964
2356
1264
6412
1697
4673
9244
7363
3643
6611
2931
3559
1363
3921
1248
5838
6791
1632
1133
6339
3643
6682
2944
8685
2838
5528
5998
3574
1598
7262
1546
2681
6326
4559
6313
1963
1498
3469
5998
4557
8648
5185
8939
3946
6371
7251
5919
8821
4868
8227
4393
3534
1897
4147
2866
2847
2934
8524
6122
8565
9674
5872
5945
6467
3973
8211
5642
2846
3369
8219
8396
1665
2519
5267
1997
2697
3354
4432
8411
7253
3655
6213
9226
3346
5453
9669
1832
4683
1321
5839
2113
5979
7296
8788
3276
9488
4928
3288
1845
6366
5476
3864
3538
2323
2538
7172
6462
6786
9659
2395
6959
3898
2811
4239
6572
5325
4212
7164
5533
4154
7255
3538
6193
4577
7166
8873
9219
8741
5651
2191
4751
1828
4171
3179
9356
6658
4679
1737
6394
5752
8696
9325
7635
5955
7553
7992
3447
2735
9882
2712
1551
2223
8455
8988
1577
9148
4753
3497
3937
6416
9585
2562
3783
8371
5875
9296
1839
2452
2559
2566
5318
8177
6542
4654
1785
8373
5292
1595
1322
1463
4443
8135
4144
6125
1647
7152
6489
7723
1453
3354
1442
7657
5583
4139
5925
1749
6421
7759
4734
2882
2168
4179
5546
2992
6882
3831
2574
2927
4437
1478
6964
3112
4293
3171
9964
5742
2478
7564
7539
6489
3457
3566
8611
5138
5364
5557
7292
5539
5736
3873
9176
5738
7485